-668
-2572
-238
2605
-1403
-1845
-2964
2403
-3199
-2324
1674
570
2673
3190
-4731
2679
-2138
-3434
2658
-728
2883
1905
2743
642
1002
54
774
2971
361
402
-3912
-4223
-4404
-208
-2654
1953
-426
911
-3049
-574
4235
-992
645
-4762
-1452
2104
2356
174
-2201
-3602
367
-1170
4307
562
-804
-4276
-2227
477
569
2104
-418
-4799
3780
99
306
-3263
-188
2383
2210
-2406
-3561
90
-4695
-3578
-3285
-4593
3638
4644
2903
-3570
1034
-2268
1865
-2486
2016
-1118
3739
-2663
56
-3991
3218
-166
-4630
-4017
4849
-4812
-2760
406
2142
4243
3779
3716
-4914
2937
1714
-3652
691
4338
1004
1328
3904
-1579
-2815
734
-3831
-3130
96
-1099
-4264
4022
3954
159
2413
-2533
-1342
-4023
1764
-3222
-4152
1896
1587
-3195
3262
-3733
2106
-658
-2416
-3124
-70
-2072
1697
-3718
-3042
1416
-3244
3706
262
8
-1318
-870
-3902
-4358
4309
4487
-4583
113
1486
-4419
2846
657
-4609
652
-171
-2821
-2871
2256
3593
3498
867
-4271
1919
5000
1937
-2781
-2603
4290
1480
-2558
-3484
-3279
-4852
3093
2442
-1377
1352
2291
-263
-1627
221
4698
3580
-4601
4713
1467
-1680
3341
2104
-4271
4482
-4602
3581
2723
-3307
-3005
-97
-2781
-51
-2639
-1119
3355
-532
-1922
3244
-1576
-4631
-1332
1782
2357
-88
1793
232
1921
4172
-4836
-2237
-4282
-3545
-959
2021
-1223
722
-881
1832
4646
420
705
4462
-3140
-2147
2938
3863
1963
-3841
-2607
-4497
3419
-4835
1699
3104
4792
4344
-1467
-3810
-2205
-368
-328
-927
3445
1350
-2552
3824
-3289
-608
3792
67
819
-4331
-4780
-1895
301
-1769
1614
-884
554
2597
4493
78
-3419
406
4717
-4385
-3847
79
1906
-1564
-1836
3934
2375
-1497
3968
3107
-2550
-4493
-1710
2266
2829
-13
4884
2056
-1814
-1410
1422
-177
-3037
-3926
-2307
-3271
1460
-3470
2261
3238
2431
616
-2553
-503
-103
2808
2657
2107
3354
-826
1968
3053
-2100
1035
-4471
-2399
4270
4213
-860
836
4906
-4412
-2263
2953
-769
-4806
412
-805
3843
-718
-2583
-761
-4019
2229
-3986
-4463
4006
1939
332
710
2579
2530
3187
4229
1003
-3888
2365
-3810
-1997
-508
4327
1238
-3550
-2613
3790
201
1722
4123
-667
3535
-2853
3257
-2577
-4684
2023
4366
2460
-1749
-2470
2173
953
3301
-2900
-2351
-2271
2405
2563
-413
4483
-862
3820
-1018
-2658
-3566
2296
-1992
-3879
-400
13
-2942
3237
-3666
2820
3163
-247
-3216
665
-4661
-4225
-1983
-3583
3309
-3844
-3562
2627
2006
-1317
3952
290
4907
-3868
-4409
-920
544
-1271
-1199
579
3298
2055
-1463
4358
2001
-1959
-424
1973
3307
-4075
3270
2417
-3175
-2677
-2063
2005
-1716
3810
4710
2565
-2153
-4101
2083
-3186
-4179
-4045
-1609
-1996
1160
1617
3742
436
-119
-1325
-4435
1970
1642
-4781
2326
-3864
-831
-1407
3017
1820
-2777
-4320
-3093
-1515
10
-4511
-4505
4968
817
-318
-4658
-3849
4618
3021
1318
2729
-2910
1514
635
4420
2794
4834
2144
4658
2931
-2922
329
-704
3845
3939
-4280
-2074
3413
4142
2168
-2345
586
4212
-3707
3424
2320
-3598
-140
1635
-30
-2718
1823
4126
131
-285
-1966
-3488
4902
3358
-2613
654
4887
-2054
-1254
4786
4073
1379
-3787
-2840
3954
1256
-3945
-248
-184
-3145
3649
-4437
-473
509
3355
4076
-2667
-1629
-4937
-2671
4232
-2445
-4297
1010
1766
4904
1954
-3609
-1382
-2092
-2381
-3581
1138
-4960
3150
-511
1749
1572
-3745
-3016
3677
945
4632
2850
3447
-3705
2323
3
4637
3913
1837
2709
367
1048
-4495
-4071
2895
946
3863
4646
-1467
-2146
2137
-3862
4599
-3920
990
2371
40
2936
3783
4206
201
-3370
1303
-3683
1382
-1783
980
4754
-4091
1079
-2754
2922
-1761
-2562
212
2963
2470
-3463
2084
2623
-2881
3819
1020
996
-2359
-2150
1303
759
1666
-4919
-928
-2014
2875
-3459
-1198
2532
4233
2345
-1724
1316
4820
-3712
4635
517
1137
-3533
-3156
3040
-3253
837
4509
715
-1239
2648
-2741
1267
-406
2986
1684
-21
2450
2620
-1254
-3937
368
1141
-2791
392
-1815
-2851
-4704
-583
1529
-771
1325
1910
4883
309
4410
-2649
-1222
-3957
-924
3664
-999
3722
1873
3583
1417
4424
4277
2509
-4309
-971
4298
-4829
-537
2446
-3760
4319
-1217
2188
-2783
-4226
1925
-3608
707
-1341
-1935
4982
4014
-2771
590
-3173
-2868
2392
2043
621
4041
1657
4832
-1667
2695
-1006
-1376
2086
-1273
3880
-3814
2748
4800
3989
1848
-2505
-2997
1618
3098
4037
2899
236
1760
-2015
133
556
-2416
-2119
2392
-2064
1537
3473
-4381
-117
-1246
-3330
-2223
2889
-9
-3218
2135
2426
716
-4268
-1240
-624
2169
-2951
2592
1107
-2823
-918
-695
-3174
-1621
-4455
-345
557
-3421
3057
-3847
-1486
2560
-4164
3129
-1161
-4677
-4044
-3961
1768
2805
768
-4725
2165
-3323
2879
-1801
-4152
3651
-2153
4448
-4061
4656
1019
4960
1174
1082
3349
-87
-4552
-3642
-4946
2725
-4547
-4988
896
3811
-367
-575
1364
-4406
897
-1765
-4898
-4985
-4741
-4712
-182
-2815
-4625
3994
1682
-956
2206
90
2026
3394
-4144
1240
1770
-1965
2617
-2457
-352
2473
870
2519
4363
2989
2034
263
-1100
-325
-4069
4980
-295
3718
-2503
-4434
4733
861
4558
246
1451
1651
-1443
3554
559
-2864
-1193
-3540
-2162
59
-2822
-992
3211
-3049
-1168
-2937
4803
-4790
-1019
-2214
-4375
-2679
20
-4075
-2364
4857
-3241
942
2399
1838
2274
-2679
2618
3663
4752
1732
414
-2496
753
3141
-1832
1365
1555
3904
-128
-3744
3668
-4897
-1767
994
1160
-1565
-2311
600
2197
-1561
4865
-2053
-4316
78
4296
360
-3959
-460
4301
3851
417
2613
303
-3513
1967
3395
4304
695
-1659
2217
-3421
-463
-1209
-80
2311
-4496
599
4944
711
4675
4792
1951
-1918
3232
-3252
1943
4937
1626
3955
3474
418
923
-1764
4422
-12
-697
-3373
-4069
4722
596
-2286
4025
4560
3424
-4356
-1821
453
1457
2472
-4535
3955
-208
-328
-56
-3374
-4317
-4138
-1977
-2782
1484
3967
2239
-1990
-3538
1165
311
2334
-4483
-1355
