-4426
1791
-2513
235
3573
-1917
-2944
3931
1213
4403
2611
3473
-1170
-772
4264
-4345
2251
2606
3423
2345
-563
4078
-727
2960
-4444
779
-355
-3479
3003
4986
-4836
-4257
4599
-3131
2491
3541
2796
28
-2878
547
-4996
4485
-1227
754
-4645
4263
2656
1229
-3799
4414
-1892
1002
-1577
-4584
1988
3707
-1773
1221
-2019
-1702
-459
935
4586
2289
-4679
3093
3866
2325
-1839
-4208
313
-2352
396
-4405
4147
3016
-3376
2989
-3822
-1031
-3015
2512
2065
-973
-2137
1136
2151
-4693
-2218
-588
-592
-3624
166
-3944
2037
3709
1358
-1869
-824
-3960
1874
-4190
-2130
4112
1161
2816
-3049
1810
1347
1051
-1186
3592
3415
701
3197
2173
51
-4865
-1964
4970
2991
3286
1206
2535
-867
906
3543
-2673
-1111
-3938
-2064
-3452
2317
3543
1446
-1515
3392
-2520
-2546
-2143
480
1417
2636
1951
1524
289
-792
-3974
-4236
-652
-3662
3407
-94
937
-4136
2960
-4429
1183
-3457
4257
-3402
-4811
-2061
-1406
-713
1115
-243
2286
-3948
621
4927
-2851
3103
-4354
-4919
1954
-4247
-843
-4809
-2263
760
625
82
-618
3669
-4676
-694
-4401
600
243
-1581
-446
-1899
-1631
4099
2788
1747
-2551
-2269
-4217
4040
-1081
-2887
-446
4782
-2356
-1268
3979
2626
3341
3718
247
4764
119
-985
-3250
2819
1462
1587
16
-3049
4107
-2481
4896
-3125
-4172
-211
1085
-1938
-1100
-1838
-3703
3737
3148
2190
-86
-1559
-78
3586
4788
-3066
1091
-2579
-982
2969
-4830
2512
3994
-3901
-3882
119
-262
1085
-1033
-3316
3736
3697
490
679
4761
-1249
2393
-4142
-1013
1072
-879
3231
1659
-2267
2358
1831
3945
419
-543
4090
1259
29
3695
4976
-3734
1761
18
-4622
-2884
-2190
1202
-728
-1021
-3434
-4205
1070
4891
1724
1050
4292
137
2074
1145
-4833
2899
2905
3457
-4874
2736
2950
3352
4253
-2345
-3451
1059
3736
-65
-626
2531
-880
676
-2594
-117
-2316
3141
3146
-3977
2739
-4671
33
2333
4749
2957
-4073
-2044
4255
-4965
-830
4110
4374
-4426
-3789
-2873
1264
-3399
-1914
-523
-551
-377
4130
-1125
-4913
4971
-4764
1787
4390
1018
-4315
-885
-3731
-1812
2109
-1323
-2020
-4136
533
1179
32
3863
-2425
3855
1991
3930
-119
-1355
3899
921
-3365
-113
-999
-2258
3650
-184
2231
2934
3875
-1098
-4549
4852
-1540
1998
4896
1815
4514
620
-1643
3283
561
-3735
-214
3171
-1628
-366
-3309
2734
310
-4149
1432
-2896
4632
-3662
906
-3454
-2707
3856
416
737
-2283
-1561
-3447
1995
-2305
-1597
834
1270
-2824
2445
512
-1075
-1991
-4056
-4485
849
-3117
-2944
760
-700
1709
-4154
1234
-2971
1438
2877
3204
2662
-2038
1939
-1362
-4862
106
-4656
1522
-4924
4005
-808
4128
1309
1145
306
-1505
1593
-4741
-3827
3391
-2513
1874
4155
-178
4743
-175
-3545
-1147
2196
2345
2930
3869
4133
-3594
4643
-4264
3340
2948
-2696
3354
4673
-2684
-4824
3979
1857
-1177
2873
-2574
3462
635
4578
-4280
-2514
-3579
-2352
-4874
-2114
-1872
306
606
449
59
1188
3702
-37
-1966
1881
3604
-4664
-1171
2259
-2259
4465
4311
2440
2590
-4011
-3280
4458
-2362
872
-3546
1405
-4588
2654
1282
1701
-1683
1689
-3511
1398
-1334
-4786
-1299
-2004
1733
2156
2216
-4906
2903
-1223
-4356
-1589
-902
-1089
-1656
164
1502
410
693
655
1335
-2376
-408
2968
2937
-1688
760
-820
-1292
2152
2362
4173
-1350
-2781
300
-3770
3125
256
4093
1956
1276
-3692
3704
-3266
-917
3415
1889
947
428
-1573
3690
-3529
1738
766
4532
-2407
-4214
1901
1080
-4582
3060
-260
4467
-4911
-296
-1275
3785
689
-430
-1612
-1119
3559
4061
-4564
-4640
-4017
-2373
-3020
1459
3627
-1403
-4561
-4007
-3034
4736
-1113
-1077
4070
447
4079
1254
4473
-2147
3296
-1031
-3304
-2904
256
-3522
-26
2192
4800
-1320
4123
-2498
877
-2874
207
-3542
-2610
-4957
-1398
-1413
-3096
-2032
382
3036
2904
1643
2593
-3150
2329
-3550
-2118
4070
-3544
-1835
4202
-2699
-173
-1903
877
-3053
3904
1781
3183
4464
-593
4295
-1247
-4874
-1135
2038
-4341
2667
-1176
-4699
3781
2817
-643
3347
-1784
-4655
-2936
3862
-4069
4461
-3432
1660
4546
-4412
4672
-2762
-4736
2522
816
4467
295
2643
-2778
-1948
-1219
-471
2232
-4321
4290
1628
722
-3249
1178
2875
-3800
-475
-3205
-3843
227
1078
1409
3325
-3898
51
-2023
-3890
-4529
377
-538
735
-1602
-4673
2227
-4718
-211
-4894
270
2938
-2412
-2029
-3487
-3869
1119
4386
4179
-3721
1090
-3934
3435
1349
-3607
-3049
-4137
-1213
-3425
1109
2120
4491
3084
3362
-3864
-559
-3200
2062
2658
4384
4196
-201
3533
-480
-530
-2879
2202
536
-4485
-3671
-4888
4516
2178
-2695
3437
-713
-3621
4970
-1630
-2432
4961
-1540
-1451
2914
-2231
-4594
-1314
-2076
-4502
782
4376
-3581
4010
-1273
-781
371
4516
-2531
-3099
-756
-3133
2009
2666
4144
1400
-3414
-4250
1605
3342
-881
-3217
2264
2603
2767
1860
-2293
925
-4416
-1879
4804
-2162
-2174
3976
548
-3372
-2138
831
2032
1634
1921
2153
-4464
-1434
-106
17
-4058
271
-683
-1084
2663
1383
2262
1504
1120
-3360
-4591
1246
-564
-694
1825
2450
-1568
-1927
4062
-946
-679
3134
2172
-271
-2481
4671
-3122
-1685
2907
-83
-2254
-4523
-3437
-1828
-1476
-489
1511
-3348
-3003
1730
306
3917
4672
4564
-4515
1762
2405
-1437
-202
912
1689
-2091
1907
648
-2269
2643
-148
-2430
-328
-111
-1095
4116
-4644
-4386
2681
3145
2912
3102
-3643
954
-965
4227
-1307
-2603
4414
4910
-4845
-1545
-57
-3380
-2078
3550
3556
1736
-210
-2821
-3648
1684
-1930
2047
-1507
3335
1473
-1271
-203
898
-2361
-4823
-2582
-2313
1523
-2155
3067
4578
-4874
-4915
-4737
-307
-2762
2602
-2102
-3068
-2237
219
4955
-675
4996
-1013
2697
-3149
-4231
-2251
4824
-2598
-2217
-1326
3159
3828
608
2003
-3728
-352
-3089
1246
1129
949
-1797
1439
-1709
2205
118
4688
-444
-652
612
-778
-2063
4259
796
426
3894
1042
2119
4924
-1631
-4057
-4428
1694
2798
-429
-1771
