-668
-2572
-238
-1403
-1845
-2964
-3199
-2324
-4731
-2138
-3434
-728
-3912
-4223
-4404
-208
-2654
-426
-3049
-574
-992
-4762
-1452
-2201
-3602
-1170
-804
-4276
-2227
-418
-4799
-3263
-188
-2406
-3561
-4695
-3578
-3285
-4593
-3570
-2268
-2486
-1118
-2663
-3991
-166
-4630
-4017
-4812
-2760
-4914
-3652
-1579
-2815
-3831
-3130
-1099
-4264
-2533
-1342
-4023
-3222
-4152
-3195
-3733
-658
-2416
-3124
-70
-2072
-3718
-3042
-3244
8
-1318
-870
-3902
-4358
-4583
-4419
-4609
-171
-2821
-2871
-4271
-2781
-2603
-2558
-3484
-3279
-4852
-1377
-263
-1627
-4601
-1680
-4271
-4602
-3307
-3005
-97
-2781
-51
-2639
-1119
-532
-1922
-1576
-4631
-1332
-88
-4836
-2237
-4282
-3545
-959
-1223
-881
-3140
-2147
-3841
-2607
-4497
-4835
-1467
-3810
-2205
-368
-328
-927
-2552
-3289
-608
-4331
-4780
-1895
-1769
-884
-3419
-4385
-3847
-1564
-1836
-1497
-2550
-4493
-1710
-13
-1814
-1410
-177
-3037
-3926
-2307
-3271
-3470
-2553
-503
-103
-826
-2100
-4471
-2399
-860
-4412
-2263
-769
-4806
-805
-718
-2583
-761
-4019
-3986
-4463
-3888
-3810
-1997
-508
-3550
-2613
-667
-2853
-2577
-4684
-1749
-2470
-2900
-2351
-2271
-413
-862
-1018
-2658
-3566
-1992
-3879
-400
13
-2942
-3666
-247
-3216
-4661
-4225
-1983
-3583
-3844
-3562
-1317
-3868
-4409
-920
-1271
-1199
-1463
-1959
-424
-4075
-3175
-2677
-2063
-1716
-2153
-4101
-3186
-4179
-4045
-1609
-1996
-119
-1325
-4435
-4781
-3864
-831
-1407
-2777
-4320
-3093
-1515
10
-4511
-4505
-318
-4658
-3849
-2910
-2922
-704
-4280
-2074
-2345
-3707
-3598
-140
-30
-2718
-285
-1966
-3488
-2613
-2054
-1254
-3787
-2840
-3945
-248
-184
-3145
-4437
-473
-2667
-1629
-4937
-2671
-2445
-4297
-3609
-1382
-2092
-2381
-3581
-4960
-511
-3745
-3016
-3705
3
-4495
-4071
-1467
-2146
-3862
-3920
-3370
-3683
-1783
-4091
-2754
-1761
-2562
-3463
-2881
-2359
-2150
-4919
-928
-2014
-3459
-1198
-1724
-3712
-3533
-3156
-3253
-1239
-2741
-406
-21
-1254
-3937
-2791
-1815
-2851
-4704
-583
-771
-2649
-1222
-3957
-924
-999
-4309
-971
-4829
-537
-3760
-1217
-2783
-4226
-3608
-1341
-1935
-2771
-3173
-2868
-1667
-1006
-1376
-1273
-3814
-2505
-2997
-2015
-2416
-2119
-2064
-4381
-117
-1246
-3330
-2223
-9
-3218
-4268
-1240
-624
-2951
-2823
-918
-695
-3174
-1621
-4455
-345
-3421
-3847
-1486
-4164
-1161
-4677
-4044
-3961
-4725
-3323
-1801
-4152
-2153
-4061
-87
-4552
-3642
-4946
-4547
-4988
-367
-575
-4406
-1765
-4898
-4985
-4741
-4712
-182
-2815
-4625
-956
-4144
-1965
-2457
-352
-1100
-325
-4069
-295
-2503
-4434
-1443
-2864
-1193
-3540
-2162
-2822
-992
-3049
-1168
-2937
-4790
-1019
-2214
-4375
-2679
20
-4075
-2364
-3241
-2679
-2496
-1832
-128
-3744
-4897
-1767
-1565
-2311
-1561
-2053
-4316
-3959
-460
-3513
-1659
-3421
-463
-1209
-80
-4496
-1918
-3252
-1764
-12
-697
-3373
-4069
-2286
-4356
-1821
-4535
-208
-328
-56
-3374
-4317
-4138
-1977
-2782
-1990
-3538
-4483
-1355
