2605
2403
1674
570
2673
3190
2679
2658
2883
1905
2743
642
1002
54
774
2971
361
402
1953
911
4235
645
2104
2356
174
367
4307
562
477
569
2104
3780
99
306
2383
2210
90
3638
4644
2903
1034
1865
2016
3739
56
3218
4849
406
2142
4243
3779
3716
2937
1714
691
4338
1004
1328
3904
734
96
4022
3954
159
2413
1764
1896
1587
3262
2106
1697
1416
3706
262
4309
4487
113
1486
2846
657
652
2256
3593
3498
867
1919
5000
1937
4290
1480
3093
2442
1352
2291
221
4698
3580
4713
1467
3341
2104
4482
3581
2723
3355
3244
1782
2357
1793
232
1921
4172
2021
722
1832
4646
420
705
4462
2938
3863
1963
3419
1699
3104
4792
4344
3445
1350
3824
3792
67
819
301
1614
554
2597
4493
78
406
4717
79
1906
3934
2375
3968
3107
2266
2829
4884
2056
1422
1460
2261
3238
2431
616
2808
2657
2107
3354
1968
3053
1035
4270
4213
836
4906
2953
412
3843
2229
4006
1939
332
710
2579
2530
3187
4229
1003
2365
4327
1238
3790
201
1722
4123
3535
3257
2023
4366
2460
2173
953
3301
2405
2563
4483
3820
2296
3237
2820
3163
665
3309
2627
2006
3952
290
4907
544
579
3298
2055
4358
2001
1973
3307
3270
2417
2005
3810
4710
2565
2083
1160
1617
3742
436
1970
1642
2326
3017
1820
4968
817
4618
3021
1318
2729
1514
635
4420
2794
4834
2144
4658
2931
329
3845
3939
3413
4142
2168
586
4212
3424
2320
1635
1823
4126
131
4902
3358
654
4887
4786
4073
1379
3954
1256
3649
509
3355
4076
4232
1010
1766
4904
1954
1138
3150
1749
1572
3677
945
4632
2850
3447
2323
4637
3913
1837
2709
367
1048
2895
946
3863
4646
2137
4599
990
2371
40
2936
3783
4206
201
1303
1382
980
4754
1079
2922
212
2963
2470
2084
2623
3819
1020
996
1303
759
1666
2875
2532
4233
2345
1316
4820
4635
517
1137
3040
837
4509
715
2648
1267
2986
1684
2450
2620
368
1141
392
1529
1325
1910
4883
309
4410
3664
3722
1873
3583
1417
4424
4277
2509
4298
2446
4319
2188
1925
707
4982
4014
590
2392
2043
621
4041
1657
4832
2695
2086
3880
2748
4800
3989
1848
1618
3098
4037
2899
236
1760
133
556
2392
1537
3473
2889
2135
2426
716
2169
2592
1107
557
3057
2560
3129
1768
2805
768
2165
2879
3651
4448
4656
1019
4960
1174
1082
3349
2725
896
3811
1364
897
3994
1682
2206
90
2026
3394
1240
1770
2617
2473
870
2519
4363
2989
2034
263
4980
3718
4733
861
4558
246
1451
1651
3554
559
59
3211
4803
4857
942
2399
1838
2274
2618
3663
4752
1732
414
753
3141
1365
1555
3904
3668
994
1160
600
2197
4865
78
4296
360
4301
3851
417
2613
303
1967
3395
4304
695
2217
2311
599
4944
711
4675
4792
1951
3232
1943
4937
1626
3955
3474
418
923
4422
4722
596
4025
4560
3424
453
1457
2472
3955
1484
3967
2239
1165
311
2334
